8552.3995999991894 4.8983983993530273 2.2182183265686035 5.6097664833068848 2.1301651000976563 0.71679693460464478 -83.345085144042969
12843.399900000542 3.0215215682983398 5.6816816329956055 1.4465929269790649 5.5512313842773438 1.5803219079971313 85.677558898925781
17335.375700000674 3.0215215682983398 5.6816816329956055 2.1611642837524414 5.7176461219787598 0.86110854148864746 92.840675354003906
22075.414400000125 4.8983983993530273 2.2182183265686035 5.2392358779907227 1.9340509176254272 0.44375815987586975 -50.423698425292969
26496.212400000542 3.0215215682983398 5.6816816329956055 1.8790507316589355 5.6255526542663574 1.1438487768173218 87.609169006347656
30480.703499995172 4.8983983993530273 2.2182183265686035 5.2529439926147461 1.9199163913726807 0.46334284543991089 -50.165477752685547
34473.005399998277 3.0215215682983398 5.6816816329956055 1.2394542694091797 5.9708480834960938 1.8053756952285767 99.696762084960938
37679.208999998868 4.8983983993530273 2.2182183265686035 5.4749021530151367 2.2051985263824463 0.57665091753005981 -89.135406494140625
41052.094599999487 3.0215215682983398 5.6816816329956055 1.3342816829681396 5.9896707534790039 1.7151197195053101 100.83036041259766
44573.032699998468 4.8983983993530273 2.2182183265686035 5.2478432655334473 2.6228172779083252 0.5346139669418335 -139.85678100585938
51520.390999995172 3.0215215682983398 5.6816816329956055 1.7503021955490112 5.8778877258300781 1.2862719297409058 99.251945495605469
54890.95169999823 4.8983983993530273 2.2182183265686035 5.4778761863708496 2.7064766883850098 0.75775372982025146 -130.74642944335938
