20014.967800000217 5.7592592239379883 2.7287287712097168 6.2688126564025879 3.1039392948150635 0.6327936053276062 -126.97750091552734
33171.702000000048 2.4859859943389893 6.1171169281005859 3.0498611927032471 6.381932258605957 0.62296247482299805 -115.71350860595703
39023.223399999551 5.7592592239379883 2.7287287712097168 5.397463321685791 3.4964144229888916 0.84866809844970703 155.51512145996094
46833.442899999674 2.4859859943389893 6.1171169281005859 1.9925377368927002 6.5970444679260254 0.68834704160690308 134.85346984863281
59980.004200000316 2.4859859943389893 6.1171169281005859 2.1305167675018311 6.4798412322998047 0.5078655481338501 136.23472595214844
66587.766000000294 2.4859859943389893 6.1171169281005859 2.7976055145263672 6.4430174827575684 0.45090797543525696 -136.942626953125
76795.792600000277 5.7592592239379883 2.7287287712097168 5.6816396713256836 3.2931342124938965 0.56971770524978638 173.00251770019531
80649.3833999997 5.7592592239379883 2.7287287712097168 6.2368292808532715 3.340383768081665 0.77601242065429688 -142.7049560546875
86152.911900000181 5.7592592239379883 2.7287287712097168 5.7597265243530273 3.6957337856292725 0.96700519323348999 -180.84303283691406
93210.151599999983 2.4859859943389893 6.1171169281005859 2.766226053237915 6.2417125701904297 0.3066895604133606 -114.52145385742188
98018.282300000079 2.4859859943389893 6.1171169281005859 2.6404306888580322 6.1753420829772949 0.16505555808544159 -111.191650390625
103441.01099999994 5.7592592239379883 2.7287287712097168 5.5630826950073242 3.4788508415222168 0.77535045146942139 166.14385986328125
