6229.3645999990404 6.2247247695922852 3.0290291309356689 6.2700357437133789 2.1075611114501953 0.92258137464523315 -2.828723669052124
11515.696499999613 6.2247247695922852 3.0290291309356689 6.0834956169128418 2.6434159278869629 0.41066193580627441 20.21235466003418
15005.526999995112 6.2247247695922852 3.0290291309356689 6.5647435188293457 2.3008599281311035 0.80364382266998291 -25.151340484619141
19476.761599995196 2.7737736701965332 5.346346378326416 1.1787782907485962 5.0411386489868164 1.6239341497421265 79.550216674804688
23374.392500001937 2.7737736701965332 5.346346378326416 2.1342723369598389 5.0025181770324707 0.72607159614562988 62.033943176269531
30029.346699997783 6.2247247695922852 3.0290291309356689 6.1061439514160156 2.6110141277313232 0.43450886011123657 15.91399097442627
32876.258399996907 2.7737736701965332 5.346346378326416 0.92340207099914551 5.2915096282958984 1.8511840105056763 88.729721069335938
35663.684299997985 2.7737736701965332 5.346346378326416 0.96412003040313721 5.3648900985717773 1.809748649597168 91.025352478027344
38456.677499998361 2.7737736701965332 5.346346378326416 0.59245496988296509 5.7239155769348145 2.2137546539306641 100.30307769775391
41032.016199998558 2.7737736701965332 5.346346378326416 1.103909969329834 5.6685161590576172 1.7006580829620361 101.40825653076172
45165.88369999826 6.2247247695922852 3.0290291309356689 6.1749796867370605 2.4470696449279785 0.58408176898956299 4.9093456268310547
47435.806099995971 6.2247247695922852 3.0290291309356689 6.8671360015869141 2.6093039512634277 0.76737302541732788 -57.116039276123047
