14664.075799999991 1.5225225687026978 6.1371369361877441 4.4945030212402344 6.2966527938842773 2.9762582778930664 -93.522590637207031
27258.1446 6.4849848747253418 3.5920920372009277 6.3268170356750488 4.3503079414367676 0.77453732490539551 169.03062438964844
34307.92790000001 1.5225225687026978 6.1371369361877441 4.9867572784423828 6.215550422668457 3.4651222229003906 -91.738372802734375
43405.621699999785 1.5225225687026978 6.1371369361877441 5.0812544822692871 6.1257672309875488 3.5587501525878906 -90.251487731933594
53696.085299999919 6.4849848747253418 3.5920920372009277 6.3684887886047363 4.475031852722168 0.89059197902679443 173.3182373046875
62642.319699999876 1.5225225687026978 6.1371369361877441 5.864717960357666 5.9211826324462891 4.347562313079834 -87.574455261230469
71680.953799999785 1.5225225687026978 6.1371369361877441 5.6825904846191406 6.0973629951477051 4.1602582931518555 -89.884986877441406
77469.524399999995 6.4849848747253418 3.5920920372009277 6.6693720817565918 3.705697774887085 0.2165755033493042 -122.22676086425781
84140.096899999771 6.4849848747253418 3.5920920372009277 6.1245903968811035 3.950495719909668 0.50826913118362427 135.49368286132813
93448.222500000033 1.5225225687026978 6.1371369361877441 5.5134410858154297 6.0007810592651367 3.9932470321655273 -88.4691162109375
102124.18219999946 6.4849848747253418 3.5920920372009277 5.918095588684082 4.0294270515441895 0.71597886085510254 128.2664794921875
108283.13379999972 6.4849848747253418 3.5920920372009277 6.029472827911377 3.9802958965301514 0.59849262237548828 131.06991577148438
