3378.0728000001982 1.7727727890014648 5.8143143653869629 2.1186747550964355 6.0806159973144531 0.43653708696365356 -128.2091064453125
6698.9934000000358 6.4724726676940918 2.851351261138916 6.2887177467346191 3.3819260597229004 0.56149387359619141 161.67584228515625
12663.006599999033 1.7727727890014648 5.8143143653869629 1.3183621168136597 6.1718921661376953 0.57823097705841064 128.81961059570313
15785.446399999782 1.7727727890014648 5.8143143653869629 1.8435828685760498 6.3430142402648926 0.5334208607673645 -173.20556640625
19949.158799999394 6.4724726676940918 2.851351261138916 6.3892111778259277 2.8486838340759277 0.08330419659614563 88.5916748046875
23640.414399999194 6.4724726676940918 2.851351261138916 6.3457345962524414 3.6635637283325195 0.82204103469848633 171.958984375
26968.493299999274 1.7727727890014648 5.8143143653869629 1.2466102838516235 6.0855536460876465 0.59196096658706665 117.83868408203125
31228.955499999225 6.4724726676940918 2.851351261138916 6.8389797210693359 3.5191566944122314 0.76176875829696655 -151.97268676757813
34188.160499998368 6.4724726676940918 2.851351261138916 6.8057479858398438 3.470759391784668 0.7033766508102417 -152.45133972167969
38077.297499999404 6.4724726676940918 2.851351261138916 6.8644661903381348 3.7157192230224609 0.94910001754760742 -156.3583984375
41285.196099998429 1.7727727890014648 5.8143143653869629 1.6167428493499756 6.0947937965393066 0.32095804810523987 151.64305114746094
45279.899599999189 1.7727727890014648 5.8143143653869629 1.9020419120788574 6.1004490852355957 0.31398037075996399 -156.44087219238281
