29077.926199999638 5.3338336944580078 2.7862863540649414 3.93674635887146 3.0706143379211426 1.4257261753082275 101.99451446533203
32908.474500000011 5.3338336944580078 2.7862863540649414 4.0986289978027344 3.3522052764892578 1.3586740493774414 115.16977691650391
41050.98769999994 2.170670747756958 5.3188190460205078 1.994948148727417 5.5928120613098145 0.32550042867660522 148.03909301757812
48894.293800000567 5.3338336944580078 2.7862863540649414 4.161736011505127 3.2882544994354248 1.2750625610351562 113.73133850097656
52216.179800000042 5.3338336944580078 2.7862863540649414 4.2562427520751953 3.7711889743804932 1.459875226020813 133.06755065917969
57783.846000000369 2.170670747756958 5.3188190460205078 2.1520938873291016 5.9398455619812012 0.62130409479141235 179.149169921875
64780.525799999952 5.3338336944580078 2.7862863540649414 4.306025505065918 3.0864443778991699 1.0707401037216187 106.7939453125
69944.407600000035 2.170670747756958 5.3188190460205078 2.1818864345550537 6.0099987983703613 0.69127076864242554 -179.93669128417969
74729.542600000277 2.170670747756958 5.3188190460205078 2.4336616992950439 5.9469103813171387 0.68092828989028931 -158.04115295410156
79577.534000000451 2.170670747756958 5.3188190460205078 2.4767930507659912 5.9674034118652344 0.71719789505004883 -155.48199462890625
85521.641800000332 5.3338336944580078 2.7862863540649414 4.0191140174865723 3.1895105838775635 1.3751645088195801 107.56868743896484
89778.563099999912 2.170670747756958 5.3188190460205078 3.0064942836761475 6.0762228965759277 1.1279456615447998 -132.82164001464844
