42921.854700000025 2.0105104446411133 5.0710711479187012 2.9664618968963623 5.0487747192382812 0.9562113881111145 -89.092842102050781
49551.064399999566 4.9309310913085938 1.9004004001617432 4.5555543899536133 2.6082954406738281 0.80126339197158813 152.79995727539062
53889.924800000153 2.0105104446411133 5.0710711479187012 2.2599351406097412 4.8503470420837402 0.33306446671485901 -48.727935791015625
57509.279800000601 4.9309310913085938 1.9004004001617432 4.2540535926818848 2.1476333141326904 0.72061574459075928 110.59748077392578
61994.122600001283 2.0105104446411133 5.0710711479187012 3.2044756412506104 4.9203891754150391 1.2034358978271484 -83.207763671875
64997.418800000101 4.9309310913085938 1.9004004001617432 4.0728416442871094 2.6372373104095459 1.131037712097168 131.28462219238281
67516.869900000282 4.9309310913085938 1.9004004001617432 4.2677783966064453 3.1286213397979736 1.3958144187927246 152.36769104003906
70591.317599998787 2.0105104446411133 5.0710711479187012 2.9564061164855957 5.0754690170288086 0.94590598344802856 -90.703117370605469
74169.781100000255 4.9309310913085938 1.9004004001617432 4.1990823745727539 2.7577254772186279 1.1272126436233521 140.18951416015625
77743.534099998884 2.0105104446411133 5.0710711479187012 2.6728286743164062 5.330632209777832 0.71136301755905151 -111.93906402587891
80503.537699999288 4.9309310913085938 1.9004004001617432 4.1969237327575684 2.5480670928955078 0.97889667749404907 132.06007385253906
83376.029500000179 2.0105104446411133 5.0710711479187012 3.0999717712402344 5.2530512809753418 1.1045554876327515 -99.964256286621094
